$ANSIBLE_VAULT;1.1;AES256
35336337393433323935653939396239303061386266616339343836313962333433316565363265
6434616233363938353961326566356630633166613838340a336363386532633437363833363037
32356437333032343332316665323333613334373134396261383632636632393361336432376230
6364633530623937360a656638653964393835613539336430626662643264386133363061346161
65663963323839633462646134646535616264646539323461663134626534393966373038653130
32303165636334313432346630346135313065303336333230336464663730383663356636393935
38643465646438313762613065396436633461383737643536636162316261323335643838356465
32383435353638356633663733333639373065336536643830303964306532326336376463613464
35653434386239396538316532346466663730666635306563306464343932643361356334333436
63326334356631326663326432653530616166376631663130663039616132336233663665376166
35396266383864303034323162666136333965313438316263313034336361333136613664386134
34313062636530343561336537633063353838353865663738643538393436373438383836643935
38616132633262383030633237353664363934633261316233386262653635373663626363373866
39383662376131383262353861326238643637393533313362623464333231613166653032373330
63353130343238356462623231626333666661376638646533633964346231646437623430306563
66316533623430363033373961386665396261336639623137623432383936343137353931646235
33616564656531653762313538393431353338343135623732383161663164643432373230333964
39633362316434663035333136613363633065313939626231323334383265623234636638343233
38366565393330376239663430313434356538356537336338396131663034343636346263623632
38626264386438346230353938656566373935316461346332383432363865326231383537653337
38613531343635386637333465303733333263323332376362623039666338623362323164363934
63313039313162376435386439393537343465623735663832343239663366656335626161303561
34613731363564353264303536386561666533613037363332386364643262353162363866383437
30326665383937623039343431336438393234636633623132663037656432613335373538663738
38666565346638373538633264663638393061353836336463623139363135396631303036353963
37623039373561303263366362626338383965373834626634643939393332376438383961353833
66306631613631323131643632303365653462633136313166633233636163626664366634333032
39333961633363396333386463303533623761393536343638323437353066333761313261326638
62356261663561346663383437333936383032663362353166613061373061636530646562616139
33376437313730313938376163316438633664643163663563386563343333316563313066323064
34613430306461323963383636393666626638333664326362306665333030633234616531343035
35616263353237626165623632653330393232356136383662613438666136643431323866303261
33376362336562386362646637333537313139353661383735303933656363316634616332363534
61323865373439326666356465393536353531303262323839323865653033643361356565666266
32653537343733666238636261626662656535353933303764613639653335613963393230353964
39663530313839383531383930303437383937326366346239636132616361313563376261393438
62646338313964366331633331366165656161306631336137633230306565633864336232643134
63313732666166313165656631613435343135653965353539646638396163353562323539393238
61636339343635646566613035373161306661313933356537386266636632623830376237616265
64373933613334316533393332393933643538376337623532623863323239623436623133303564
35303831656265643530313234306161656365393064663532383236366533633661356332663636
33393538373631613238653462383937323262343863396164666233386466326234386665346432
31633137616434376537613133373963616432613832336130363638303339646564656566636636
36373064386637316261
